58,52
58,51
58,50
58,49
58,48
58,47
58,46
58,45
58,44
58,43
58,42
58,41
58,40
58,39
58,38
58,37
58,36
0,273
0,270
58,35
3,2
3,1
3,3
10,126
10,118
10,307
10,261
10,265
10,288
10,256
9,6
9,4
9,2
9,3
8,15
8,4
8,12
8,17
57,3
57,2
57,1
57,0
42,6
42,5
42,4
42,3
42,2
42,1
40,4
40,3
40,1
39,3
39,1
20,3
20,2
20,1
19,3
19,2
19,1
18,3
18,1
14,3
14,1
13,3
13,1
12,3
12,2
12,1
11,27
11,26
11,25
11,24
11,23
11,22
11,21
11,20
11,19
11,18
11,17
11,16
11,15
11,14
11,13
11,12
11,11
11,10
11,9
11,8
11,7
11,6
11,5
11,1
11,4
11,3
11,2
10,281
10,260
10,230
10,1
